Cantidad de Vertices = 1024
Aristas:

(1,237) (1,438) (1,485) 
(2,382) (2,395) (2,463) (2,528) 
(3,135) (3,592) 
(4,398) 
(5,40) (5,457) (5,639) (5,684) (5,928) 
(6,6) (6,99) (6,353) 
(7,22) 
(8,227) (8,829) (8,920) 
(9,116) (9,163) (9,779) (9,818) 
(10,154) (10,925) 
(11,4) (11,628) (11,824) 
(12,24) (12,79) (12,270) 
(13,701) (13,877) 
(14,265) 
(15,139) (15,379) 
(16,594) 
(17,452) (17,835) 
(18,226) (18,662) (18,735) (18,990) 

(20,88) (20,154) (20,499) (20,761) 
(21,184) (21,236) (21,586) (21,682) (21,819) (21,860) (21,863) (21,916) 
(22,163) (22,242) (22,453) (22,493) (22,503) (22,1012) 
(23,248) (23,522) 
(24,101) (24,312) (24,369) 
(25,445) (25,527) 
(26,518) (26,652) 
(27,33) (27,724) (27,760) 
(28,699) (28,789) (28,932) 
(29,591) (29,617) (29,656) (29,688) (29,973) 
(30,9) (30,148) (30,149) (30,214) (30,259) (30,755) 
(31,522) (31,759) (31,891) 
(32,337) (32,464) (32,521) (32,595) (32,973) 
(33,995) 
(34,129) (34,627) (34,810) 
(35,576) 
(36,619) (36,765) 
(37,62) (37,89) (37,1007) 
(38,521) (38,528) 
(39,432) (39,962) (39,979) 
(40,26) (40,693) 
(41,283) (41,478) (41,654) (41,868) 
(42,496) (42,551) (42,771) (42,917) (42,964) 
(43,14) (43,565) (43,662) 
(44,708) (44,868) (44,876) (44,956) 
(45,67) (45,308) 
(46,904) 
(47,607) (47,740) (47,820) (47,1002) 
(48,293) 
(49,53) (49,259) 
(50,268) (50,659) 
(51,200) (51,772) 
(52,366) (52,513) (52,952) 
(53,251) (53,434) 
(54,377) (54,900) 
(55,125) (55,440) (55,658) 
(56,373) (56,453) (56,695) 
(57,219) (57,370) (57,377) (57,803) (57,850) (57,971) 
(58,716) 
(59,131) (59,385) 
(60,244) (60,397) (60,605) (60,606) 
(61,455) (61,569) 
(62,78) (62,435) 
(63,249) (63,409) (63,428) (63,526) (63,619) (63,768) (63,805) (63,823) (63,946) 
(64,215) (64,484) (64,664) 
(65,186) (65,570) (65,799) (65,984) 
(66,207) (66,596) (66,629) (66,713) (66,915) (66,917) 
(67,113) (67,357) (67,594) 
(68,58) (68,626) (68,874) (68,891) 
(69,230) (69,335) (69,813) (69,906) 
(70,177) (70,676) (70,1008) 
(71,270) (71,277) (71,379) 
(72,80) (72,488) (72,544) 
(73,479) 
(74,169) (74,472) (74,635) (74,710) (74,768) (74,815) (74,843) (74,848) 
(75,422) 
(76,269) (76,458) (76,705) 
(77,269) (77,552) (77,560) (77,775) (77,826) 

(79,60) (79,608) (79,617) (79,839) (79,1023) 
(80,63) (80,185) 
(81,12) (81,136) (81,339) 
(82,159) (82,559) (82,839) (82,941) (82,980) 
(83,466) (83,529) (83,675) (83,713) (83,876) (83,960) 
(84,210) (84,376) (84,561) (84,980) 
(85,394) (85,835) 
(86,120) (86,147) (86,673) 
(87,611) (87,904) 
(88,267) (88,336) (88,654) (88,753) (88,778) 
(89,68) (89,671) 
(90,18) (90,276) 

(92,121) (92,224) (92,396) (92,604) (92,655) (92,928) 
(93,1011) 
(94,165) 
(95,381) (95,505) 
(96,738) 
(97,788) (97,934) 
(98,621) 
(99,423) (99,430) (99,545) (99,692) (99,725) (99,974) 
(100,178) (100,683) 
(101,729) (101,962) 
(102,11) (102,68) (102,139) (102,708) 
(103,51) (103,89) (103,388) (103,832) (103,996) 

(105,146) (105,324) (105,411) (105,550) (105,556) (105,687) 
(106,334) (106,589) (106,765) (106,887) 
(107,87) (107,224) (107,416) (107,820) 
(108,31) (108,76) (108,172) (108,365) (108,406) (108,508) (108,924) 
(109,250) (109,523) (109,595) 
(110,940) 
(111,535) (111,689) 
(112,14) (112,108) (112,904) (112,1003) 
(113,802) (113,806) 
(114,869) 
(115,71) 
(116,145) 
(117,767) (117,854) 
(118,200) (118,216) (118,888) 
(119,279) 
(120,27) (120,540) (120,696) (120,892) 
(121,441) (121,569) (121,915) 
(122,89) (122,408) (122,449) 
(123,700) 
(124,166) (124,341) 
(125,170) (125,357) 
(126,316) (126,770) (126,957) 
(127,290) (127,432) (127,448) (127,627) (127,765) (127,973) 
(128,168) (128,381) (128,455) (128,498) (128,582) (128,738) (128,749) 
(129,190) (129,780) (129,781) 
(130,48) (130,130) (130,219) (130,420) (130,575) (130,992) 
(131,928) 
(132,137) (132,185) (132,315) (132,379) (132,482) (132,606) (132,763) 
(133,440) (133,607) (133,935) 
(134,104) (134,398) 
(135,104) (135,484) (135,623) (135,701) (135,856) (135,858) (135,926) 
(136,83) (136,559) (136,625) (136,645) 
(137,481) (137,964) 
(138,264) (138,338) (138,444) (138,960) 
(139,335) (139,396) (139,557) (139,580) (139,746) 
(140,151) (140,543) (140,586) (140,594) 
(141,34) (141,104) (141,378) (141,948) 
(142,233) (142,247) (142,440) 
(143,130) (143,201) (143,269) (143,425) (143,797) 
(144,30) (144,45) (144,302) (144,329) (144,762) 
(145,293) (145,412) (145,753) (145,762) (145,777) (145,832) (145,855) 
(146,246) (146,295) (146,495) 
(147,265) (147,299) (147,888) (147,891) (147,953) 
(148,469) 
(149,338) (149,376) (149,714) (149,826) 
(150,157) (150,423) (150,965) (150,999) 
(151,273) (151,369) (151,490) (151,736) 
(152,447) 
(153,443) (153,749) 
(154,460) (154,619) 
(155,245) (155,574) (155,630) 
(156,289) (156,571) (156,815) 
(157,619) (157,658) (157,866) (157,955) (157,958) 
(158,14) (158,165) (158,390) (158,930) 
(159,11) (159,146) (159,216) (159,331) (159,613) 

(161,155) (161,480) (161,511) (161,657) (161,724) (161,964) 
(162,103) 

(164,89) (164,514) (164,711) 
(165,112) (165,817) (165,890) 
(166,9) (166,69) (166,304) (166,517) (166,636) 
(167,6) (167,755) (167,836) 
(168,856) 
(169,298) (169,523) (169,821) 
(170,132) (170,716) 
(171,183) 
(172,251) (172,435) (172,731) 
(173,861) (173,915) 
(174,210) (174,303) 
(175,105) (175,648) (175,731) (175,763) (175,770) (175,840) 
(176,60) (176,887) (176,1012) 
(177,97) (177,1002) 
(178,50) (178,261) (178,419) (178,968) 
(179,587) (179,833) 
(180,602) (180,786) 
(181,99) (181,344) (181,590) (181,733) (181,736) (181,803) (181,1023) 
(182,171) (182,269) (182,469) (182,834) 
(183,499) 
(184,418) (184,420) (184,579) (184,770) (184,797) (184,919) 
(185,99) (185,101) (185,216) (185,1013) 
(186,133) (186,163) (186,809) (186,923) 
(187,424) (187,481) (187,498) (187,718) (187,789) 
(188,234) (188,308) (188,614) (188,834) (188,1019) 
(189,380) (189,599) 
(190,79) (190,121) (190,220) (190,349) (190,581) 
(191,980) 
(192,422) (192,770) (192,1018) 
(193,113) (193,147) (193,185) (193,471) (193,521) (193,577) (193,642) (193,969) 
(194,23) (194,254) (194,311) (194,384) (194,524) 
(195,21) (195,83) (195,207) (195,474) (195,820) 
(196,645) (196,1000) 
(197,121) (197,151) (197,326) (197,640) (197,686) 
(198,947) 
(199,401) (199,499) 
(200,216) (200,902) 
(201,171) (201,430) (201,493) (201,571) (201,597) (201,639) (201,667) (201,674) (201,781) (201,848) 
(202,311) (202,347) (202,751) (202,886) 
(203,573) (203,882) 
(204,79) 
(205,303) (205,385) (205,871) 
(206,789) 
(207,107) (207,265) (207,344) 
(208,165) (208,275) (208,560) (208,753) (208,784) (208,990) 
(209,131) (209,221) (209,341) (209,672) (209,983) (209,994) 
(210,168) (210,219) (210,289) (210,637) (210,650) (210,813) 
(211,205) 
(212,274) (212,663) 
(213,504) 
(214,367) 
(215,76) (215,379) 
(216,535) (216,1007) 
(217,242) (217,646) (217,983) 
(218,53) (218,82) (218,187) (218,210) (218,342) (218,703) (218,776) (218,970) 
(219,99) (219,367) (219,583) 
(220,221) (220,917) 
(221,379) (221,652) (221,919) 
(222,132) (222,158) (222,181) (222,284) (222,337) (222,552) (222,604) (222,815) 
(223,39) (223,77) (223,183) (223,637) 
(224,460) (224,507) (224,704) 
(225,8) (225,56) (225,716) (225,752) 
(226,131) (226,514) (226,791) (226,992) 
(227,117) (227,258) (227,424) 
(228,306) (228,548) (228,606) (228,753) 
(229,315) (229,709) (229,752) (229,772) 
(230,646) (230,647) (230,850) (230,986) 
(231,123) (231,521) (231,955) 
(232,48) (232,718) (232,926) (232,970) 
(233,968) 
(234,487) (234,730) 
(235,9) (235,503) 
(236,4) 
(237,54) (237,62) (237,706) (237,708) (237,736) (237,826) 
(238,655) 
(239,695) (239,831) (239,878) (239,964) 
(240,81) (240,100) (240,570) (240,603) (240,640) (240,806) 
(241,300) (241,720) 
(242,257) (242,496) (242,602) 
(243,539) 
(244,258) (244,566) (244,884) 
(245,18) (245,235) (245,405) (245,740) 
(246,345) (246,993) 
(247,365) (247,924) 
(248,110) (248,514) 
(249,14) (249,189) (249,211) (249,629) (249,709) 

(251,428) (251,826) 
(252,1) (252,24) (252,600) (252,792) 
(253,63) (253,132) (253,714) 
(254,525) (254,600) (254,630) (254,668) (254,758) 
(255,65) (255,423) (255,633) 
(256,315) (256,417) (256,823) 
(257,253) (257,543) (257,623) 
(258,811) 
(259,230) (259,256) (259,644) (259,913) 
(260,614) (260,773) 
(261,95) (261,948) 
(262,736) 
(263,272) (263,414) (263,428) (263,585) 
(264,506) (264,832) (264,948) 
(265,4) (265,235) (265,404) (265,575) (265,820) 
(266,44) (266,206) (266,365) (266,869) (266,893) (266,917) 
(267,267) (267,803) 
(268,81) (268,389) (268,735) 
(269,416) (269,472) (269,686) (269,840) (269,885) 
(270,48) (270,71) (270,82) (270,207) (270,255) (270,685) 
(271,139) (271,168) (271,339) (271,525) 
(272,106) (272,140) (272,185) (272,614) (272,846) 
(273,208) (273,629) 
(274,225) (274,489) (274,662) (274,748) (274,788) 
(275,778) (275,930) (275,942) (275,1003) 
(276,222) (276,299) (276,413) (276,668) (276,802) 
(277,475) (277,894) (277,924) (277,970) 
(278,298) (278,494) (278,534) (278,885) (278,955) 
(279,501) (279,724) (279,756) (279,843) 
(280,488) (280,545) 
(281,570) 
(282,213) (282,443) (282,589) (282,630) 

(284,267) (284,407) 
(285,338) (285,742) (285,913) (285,929) 
(286,436) (286,673) (286,697) (286,914) 
(287,129) (287,238) (287,287) (287,635) (287,1015) 
(288,228) (288,538) 
(289,116) (289,686) 
(290,71) (290,339) (290,489) (290,663) 
(291,205) (291,594) (291,623) 
(292,574) (292,670) 
(293,277) (293,840) 
(294,159) (294,732) 
(295,417) (295,578) (295,609) (295,644) (295,661) 
(296,224) (296,263) (296,816) 
(297,199) (297,345) (297,526) 
(298,677) (298,815) (298,971) 
(299,108) (299,126) (299,182) 
(300,271) (300,839) (300,1000) 
(301,53) (301,441) 
(302,567) 
(303,88) (303,420) (303,597) (303,802) 
(304,17) (304,119) (304,362) (304,364) (304,391) (304,655) (304,946) 
(305,248) (305,586) (305,768) (305,864) 
(306,260) 
(307,57) (307,134) (307,449) (307,648) (307,703) 
(308,306) 
(309,612) 
(310,92) (310,208) (310,457) (310,620) (310,647) (310,888) 
(311,341) (311,350) (311,434) (311,583) (311,658) 
(312,469) 
(313,183) (313,451) (313,646) (313,742) 
(314,203) (314,616) (314,684) 
(315,71) (315,147) (315,613) (315,881) 
(316,74) (316,89) (316,632) (316,658) (316,738) (316,987) (316,991) 
(317,837) (317,929) 
(318,991) 
(319,211) (319,752) (319,995) 
(320,18) (320,155) (320,266) (320,293) (320,355) (320,714) (320,914) 
(321,257) (321,427) (321,440) 

(323,489) (323,958) 
(324,703) (324,892) 
(325,668) 
(326,298) (326,334) (326,723) (326,884) 
(327,47) (327,126) (327,958) 
(328,60) (328,526) (328,736) (328,772) 
(329,11) (329,69) (329,532) (329,670) (329,718) 
(330,100) (330,264) (330,312) (330,371) (330,907) 
(331,96) (331,266) (331,527) (331,566) (331,1009) 
(332,8) 
(333,143) 
(334,211) 
(335,318) (335,463) (335,687) 
(336,224) (336,564) (336,780) (336,894) 

(338,639) (338,742) 
(339,433) (339,434) (339,510) (339,757) (339,804) 
(340,527) 
(341,389) (341,794) 
(342,140) (342,159) (342,334) (342,345) (342,478) (342,767) (342,971) (342,988) 
(343,7) (343,581) (343,607) (343,1000) 

(345,496) (345,796) 
(346,131) 
(347,292) (347,630) (347,695) (347,738) (347,1018) 
(348,650) (348,837) (348,988) 
(349,98) (349,392) (349,646) (349,784) (349,895) 
(350,446) (350,939) 
(351,525) (351,618) 
(352,915) (352,962) 
(353,333) (353,530) (353,568) (353,764) 
(354,107) (354,541) (354,904) 
(355,13) (355,319) 
(356,157) (356,217) (356,543) (356,554) (356,844) 
(357,613) 
(358,297) (358,376) (358,654) (358,847) 
(359,82) (359,570) 
(360,709) (360,963) 
(361,61) (361,180) (361,322) (361,369) (361,616) (361,856) (361,878) 
(362,81) (362,105) (362,349) (362,722) 
(363,641) (363,692) 
(364,147) (364,263) 
(365,282) (365,357) (365,443) 

(367,832) 
(368,7) (368,425) (368,700) 
(369,124) (369,147) (369,221) 
(370,104) (370,666) 
(371,753) (371,772) (371,876) (371,941) 
(372,571) (372,848) 

(374,353) (374,489) (374,567) 
(375,777) (375,808) 
(376,1) (376,587) (376,975) 
(377,42) (377,125) (377,433) (377,529) (377,814) (377,914) (377,997) 
(378,201) (378,737) 
(379,374) (379,427) (379,928) (379,977) 
(380,202) 
(381,549) (381,710) (381,913) (381,1012) 
(382,293) (382,393) (382,568) (382,677) 
(383,254) (383,397) (383,459) (383,485) (383,908) 
(384,101) (384,459) (384,497) (384,678) 
(385,286) (385,991) 
(386,701) 

(388,202) (388,530) 
(389,190) (389,513) (389,597) 
(390,121) (390,146) (390,600) (390,654) 
(391,95) (391,550) (391,566) (391,862) 
(392,353) 
(393,135) (393,739) (393,777) 
(394,326) (394,458) (394,844) 
(395,157) (395,267) (395,383) (395,636) 
(396,437) (396,725) (396,837) 
(397,385) (397,512) (397,876) 
(398,418) (398,908) 
(399,289) (399,361) 
(400,99) (400,565) (400,623) (400,862) (400,1020) 
(401,780) 
(402,67) (402,417) (402,619) (402,665) 
(403,101) (403,714) 
(404,60) (404,114) (404,625) (404,681) (404,969) 
(405,5) (405,126) 
(406,66) (406,254) 
(407,654) (407,853) 
(408,134) (408,239) (408,371) (408,400) 
(409,21) (409,164) (409,533) (409,612) (409,801) 
(410,311) (410,512) (410,550) 
(411,116) (411,498) (411,577) (411,736) (411,896) 
(412,32) 
(413,877) (413,973) (413,994) 
(414,232) (414,710) (414,837) 
(415,344) (415,389) (415,413) (415,690) 
(416,337) (416,458) (416,625) 
(417,112) (417,255) 
(418,49) (418,402) (418,418) (418,890) (418,969) 
(419,84) (419,224) 
(420,46) (420,193) (420,215) (420,219) (420,759) 
(421,688) 
(422,54) (422,338) (422,417) (422,441) (422,762) (422,907) (422,909) 
(423,31) (423,461) (423,835) 
(424,313) (424,463) 
(425,43) (425,121) (425,334) (425,341) (425,708) (425,709) (425,943) 
(426,65) 
(427,28) (427,160) 
(428,254) (428,698) (428,711) (428,823) 
(429,371) 
(430,483) (430,639) 
(431,14) (431,459) (431,778) (431,908) (431,950) 
(432,41) (432,659) (432,675) 
(433,62) (433,217) (433,258) (433,344) (433,913) (433,916) 
(434,361) (434,432) 
(435,311) (435,413) (435,549) 
(436,40) (436,42) (436,162) (436,361) 
(437,129) 
(438,127) (438,180) 


(441,701) 
(442,324) 
(443,538) (443,1005) 
(444,586) 
(445,300) (445,395) (445,649) 
(446,146) (446,791) 
(447,143) (447,291) (447,525) (447,604) (447,734) 
(448,286) (448,708) (448,758) (448,828) 
(449,249) (449,304) (449,358) (449,470) (449,989) 
(450,264) (450,454) (450,479) 
(451,7) (451,201) (451,292) (451,541) (451,597) (451,958) 
(452,60) (452,383) (452,505) (452,1002) 
(453,271) (453,541) (453,749) (453,786) (453,787) 
(454,40) (454,544) (454,823) (454,854) 
(455,289) (455,335) (455,739) 
(456,324) (456,708) 
(457,93) (457,132) (457,509) 
(458,112) (458,203) (458,291) (458,417) (458,468) (458,523) (458,532) (458,881) (458,973) 
(459,68) (459,235) (459,391) (459,922) (459,998) 

(461,448) 
(462,514) (462,639) 
(463,460) 
(464,260) (464,558) (464,892) 
(465,891) 
(466,274) (466,682) (466,955) 
(467,7) (467,93) (467,868) 
(468,668) (468,769) (468,846) 
(469,683) (469,1010) 
(470,52) (470,480) (470,697) (470,985) 
(471,524) 
(472,247) (472,554) (472,851) 
(473,568) (473,611) (473,615) 
(474,465) 
(475,616) 
(476,129) (476,166) (476,870) 
(477,474) (477,1005) 
(478,329) (478,333) (478,466) (478,653) 
(479,357) (479,601) 
(480,235) (480,640) (480,1002) (480,1014) 
(481,23) (481,139) (481,940) 
(482,196) (482,296) (482,379) (482,396) (482,646) 
(483,39) (483,213) (483,843) 
(484,390) (484,416) (484,941) (484,959) 
(485,415) (485,961) 
(486,229) (486,541) (486,675) (486,697) (486,990) 
(487,303) 
(488,362) (488,552) 
(489,186) (489,517) (489,753) (489,834) 
(490,100) (490,167) 
(491,466) (491,645) (491,952) 
(492,183) (492,197) (492,736) 
(493,277) (493,315) (493,523) (493,946) 
(494,163) (494,207) (494,246) (494,452) 
(495,914) 
(496,697) (496,1009) 
(497,68) (497,201) (497,240) (497,788) (497,1010) 
(498,415) (498,450) (498,757) (498,941) 
(499,141) (499,199) 
(500,150) (500,595) (500,633) 

(502,411) (502,511) (502,682) 
(503,204) 
(504,119) (504,263) (504,452) (504,964) 
(505,529) (505,748) 
(506,41) 

(508,384) 
(509,190) (509,506) (509,520) (509,591) (509,695) 
(510,47) (510,608) (510,879) 
(511,168) (511,772) (511,884) (511,1011) 
(512,332) (512,511) (512,621) (512,788) 
(513,454) (513,610) (513,852) (513,930) 
(514,407) 
(515,749) (515,922) 
(516,288) (516,388) (516,707) 
(517,40) (517,413) (517,737) 
(518,284) (518,306) (518,756) (518,892) (518,990) 
(519,74) (519,114) (519,249) (519,875) 
(520,210) (520,309) (520,486) (520,529) (520,765) 
(521,137) (521,160) (521,393) (521,414) (521,422) (521,766) (521,855) (521,883) (521,963) 
(522,57) (522,608) 
(523,131) (523,998) 
(524,50) (524,747) (524,762) (524,898) (524,986) 
(525,156) (525,655) (525,706) 
(526,243) (526,295) (526,478) 
(527,106) (527,479) (527,606) (527,608) 
(528,200) (528,216) (528,622) (528,751) 
(529,39) (529,287) (529,434) (529,517) (529,1000) 
(530,257) (530,371) (530,660) 
(531,63) (531,878) 
(532,344) (532,369) 
(533,71) (533,149) (533,943) 
(534,168) (534,588) (534,900) 
(535,106) (535,342) (535,490) (535,568) (535,848) 
(536,621) (536,818) 
(537,34) (537,99) (537,218) (537,770) (537,790) (537,990) 
(538,84) (538,518) (538,988) 
(539,626) (539,778) 
(540,893) (540,974) 
(541,78) (541,615) (541,739) (541,951) 
(542,688) (542,806) 
(543,96) (543,513) (543,946) 
(544,279) (544,923) (544,1003) 
(545,284) (545,596) (545,617) (545,823) (545,828) 
(546,373) (546,517) (546,937) 
(547,122) (547,303) (547,630) (547,690) (547,860) 
(548,178) (548,844) (548,883) (548,1003) 
(549,12) (549,821) 
(550,99) (550,274) 
(551,190) (551,810) 
(552,93) (552,618) 
(553,50) (553,190) (553,256) (553,360) (553,944) (553,998) (553,1019) 
(554,913) 
(555,132) (555,520) (555,700) 
(556,193) (556,207) (556,462) 

(558,90) (558,317) (558,471) (558,493) (558,533) (558,925) 
(559,616) (559,779) 
(560,119) (560,500) (560,565) (560,840) 

(562,388) (562,438) 
(563,169) (563,307) 
(564,220) (564,250) 
(565,143) (565,289) (565,355) (565,521) (565,680) (565,743) 
(566,160) (566,274) (566,399) (566,727) 
(567,235) (567,590) (567,627) (567,672) (567,818) (567,924) (567,999) 
(568,593) (568,692) (568,771) (568,899) 
(569,17) (569,159) (569,357) (569,498) (569,834) 
(570,206) (570,276) (570,1015) 
(571,566) (571,594) (571,792) 
(572,28) (572,382) (572,703) 
(573,49) (573,338) 
(574,69) (574,354) (574,416) (574,627) 
(575,566) 
(576,9) (576,48) (576,189) (576,569) (576,574) (576,602) 
(577,18) (577,141) (577,349) (577,761) 
(578,45) (578,572) (578,623) (578,814) (578,934) (578,980) 
(579,194) 
(580,172) (580,282) (580,985) (580,989) 
(581,534) (581,863) (581,943) 
(582,59) (582,405) (582,631) (582,661) 
(583,700) 
(584,142) (584,160) 

(586,312) (586,711) 
(587,614) (587,924) 
(588,1001) 
(589,61) (589,75) (589,194) (589,870) 
(590,40) (590,170) (590,454) (590,632) (590,884) (590,953) 
(591,233) (591,235) (591,289) (591,383) 
(592,998) 

(594,515) (594,775) 
(595,178) (595,946) 
(596,2) (596,895) 
(597,171) (597,837) 
(598,585) 

(600,174) (600,540) (600,811) 
(601,227) (601,389) (601,589) (601,628) (601,638) 
(602,513) 
(603,317) (603,892) (603,928) (603,970) (603,991) 
(604,360) (604,756) 
(605,105) (605,768) (605,894) 
(606,416) (606,511) 
(607,217) 
(608,87) (608,183) (608,387) (608,432) (608,983) 
(609,395) (609,515) (609,604) 
(610,112) (610,133) (610,186) 
(611,363) (611,404) 
(612,434) (612,551) (612,879) 
(613,576) (613,816) (613,952) (613,1019) 
(614,370) (614,494) (614,561) (614,725) 
(615,2) (615,198) (615,553) 
(616,11) 
(617,347) (617,394) (617,648) (617,775) (617,834) 
(618,52) (618,437) (618,659) 
(619,49) (619,66) (619,129) (619,132) (619,204) 
(620,641) 
(621,331) (621,596) 
(622,23) (622,257) (622,370) (622,541) (622,584) 
(623,334) 
(624,163) (624,463) (624,736) 

(626,331) (626,401) (626,443) 
(627,89) (627,214) (627,351) (627,391) (627,481) (627,847) (627,898) (627,906) (627,909) 
(628,588) (628,675) (628,947) 
(629,171) (629,392) (629,480) (629,507) 
(630,198) (630,683) (630,951) 
(631,28) (631,427) (631,896) 
(632,101) (632,272) (632,607) (632,677) (632,944) 
(633,126) (633,242) (633,783) (633,912) 
(634,588) 
(635,239) (635,451) (635,930) (635,1011) 
(636,368) (636,887) (636,910) 
(637,117) (637,254) (637,668) 
(638,383) (638,975) 
(639,292) 
(640,3) (640,10) (640,80) (640,297) (640,333) (640,666) 
(641,569) (641,703) 
(642,364) (642,796) 
(643,291) (643,411) (643,475) (643,666) (643,755) 
(644,57) (644,637) (644,697) 
(645,244) (645,668) (645,758) 
(646,552) 
(647,279) (647,851) (647,901) 
(648,331) (648,419) (648,607) (648,954) 
(649,276) (649,464) (649,473) (649,704) 
(650,236) 
(651,448) 
(652,40) (652,405) (652,534) (652,922) 
(653,109) (653,129) (653,381) (653,842) (653,1009) (653,1016) 
(654,149) (654,254) 
(655,906) 
(656,218) (656,597) (656,708) (656,955) 
(657,269) (657,279) (657,527) (657,765) (657,928) 
(658,52) (658,222) (658,916) (658,950) (658,1018) 
(659,467) (659,933) 
(660,223) (660,257) (660,455) (660,830) 
(661,407) (661,817) 
(662,8) (662,38) (662,40) (662,273) (662,861) (662,903) 
(663,190) (663,342) (663,448) (663,595) (663,1011) 
(664,828) 
(665,648) (665,914) (665,945) (665,958) (665,964) 
(666,221) (666,429) (666,710) 

(668,241) (668,290) (668,349) 
(669,257) 
(670,364) (670,371) (670,416) (670,474) (670,629) (670,849) (670,972) 
(671,382) 
(672,28) (672,239) (672,410) 
(673,408) (673,975) 
(674,964) (674,971) 
(675,87) (675,187) (675,341) (675,553) (675,883) 
(676,383) 
(677,7) 
(678,724) 
(679,15) (679,226) (679,280) (679,424) (679,476) (679,844) 
(680,257) (680,398) (680,1016) 
(681,152) (681,666) (681,749) 
(682,223) (682,405) (682,570) (682,678) (682,838) (682,859) 
(683,66) (683,330) (683,407) (683,884) 
(684,290) (684,768) (684,903) 
(685,77) (685,93) (685,427) (685,482) 
(686,272) (686,498) (686,608) (686,708) 

(688,177) (688,229) (688,748) 
(689,207) (689,435) (689,525) (689,793) 
(690,179) (690,649) 
(691,814) (691,924) (691,929) (691,955) 
(692,55) (692,136) (692,513) (692,670) (692,712) (692,894) (692,1021) 
(693,676) (693,928) 
(694,336) (694,404) (694,837) 
(695,488) (695,783) (695,1012) 
(696,966) 
(697,634) (697,757) (697,860) 
(698,261) (698,778) (698,829) 
(699,268) (699,572) 
(700,359) (700,736) (700,897) 
(701,119) 
(702,117) (702,734) (702,812) (702,930) 
(703,515) 
(704,175) (704,402) (704,441) (704,678) (704,811) (704,971) 
(705,460) 
(706,518) (706,552) (706,803) (706,1003) 
(707,66) (707,526) (707,583) (707,1004) 
(708,695) (708,779) 
(709,237) (709,404) 
(710,36) (710,554) (710,759) 
(711,62) (711,269) (711,370) 
(712,306) (712,314) (712,548) 
(713,20) (713,39) (713,710) 
(714,287) (714,570) (714,695) 
(715,49) (715,363) (715,516) 
(716,98) (716,169) (716,469) (716,490) (716,627) 
(717,61) (717,185) (717,222) (717,466) (717,556) (717,745) 
(718,384) (718,462) (718,600) 
(719,312) (719,400) (719,434) (719,588) 
(720,23) (720,117) (720,212) (720,583) 
(721,537) 
(722,619) 
(723,501) (723,750) (723,866) 
(724,809) (724,878) (724,1008) (724,1010) 
(725,20) (725,336) (725,465) 
(726,749) (726,829) (726,1011) 
(727,202) (727,776) 
(728,438) 
(729,467) (729,492) (729,762) 

(731,0) (731,75) (731,78) (731,701) (731,727) (731,819) 
(732,161) (732,207) (732,295) (732,691) (732,848) 
(733,761) (733,851) (733,861) 
(734,287) (734,470) 
(735,362) (735,462) (735,742) (735,758) (735,775) 
(736,235) (736,419) (736,929) 
(737,201) (737,473) (737,774) (737,834) 
(738,204) (738,526) (738,686) (738,905) (738,957) 
(739,179) (739,223) (739,314) (739,446) 
(740,170) (740,247) (740,272) 
(741,461) (741,758) (741,838) (741,912) 
(742,86) (742,377) (742,700) (742,760) 
(743,205) (743,491) (743,846) 
(744,37) (744,224) (744,567) (744,728) (744,831) 
(745,685) (745,791) 
(746,239) (746,251) (746,974) 
(747,86) (747,374) (747,468) (747,555) 

(749,556) (749,568) (749,770) 
(750,622) 
(751,331) 
(752,106) (752,146) (752,147) (752,697) (752,821) 
(753,318) (753,956) 
(754,140) (754,210) (754,563) (754,573) 
(755,641) 
(756,59) (756,816) (756,905) (756,965) 
(757,207) (757,289) (757,606) (757,692) (757,889) 
(758,67) (758,238) (758,879) 
(759,172) (759,184) (759,300) 
(760,676) (760,737) 
(761,370) (761,788) (761,845) (761,1016) 
(762,494) (762,501) (762,966) (762,973) 
(763,14) (763,22) (763,190) (763,211) (763,723) 
(764,84) (764,333) (764,547) (764,747) 
(765,35) 
(766,264) (766,310) (766,975) 
(767,326) (767,398) (767,774) (767,1008) 
(768,13) (768,462) 
(769,64) 
(770,383) (770,707) (770,971) 
(771,57) 
(772,153) (772,248) (772,469) (772,488) (772,638) (772,842) 
(773,386) (773,452) (773,617) 
(774,292) (774,431) 
(775,417) (775,898) 
(776,290) (776,541) 
(777,529) (777,753) (777,772) (777,937) (777,948) 
(778,110) (778,333) 
(779,774) (779,1002) 
(780,22) (780,183) 
(781,405) (781,718) (781,770) 
(782,33) (782,553) (782,864) 
(783,47) (783,272) (783,300) (783,686) 
(784,664) 
(785,348) (785,360) (785,385) (785,709) 
(786,385) (786,751) (786,874) 
(787,184) (787,510) (787,724) 
(788,276) (788,915) 
(789,50) (789,56) (789,153) 
(790,71) (790,152) (790,378) (790,398) (790,480) (790,655) (790,989) 
(791,565) (791,588) (791,840) 
(792,376) (792,448) (792,646) (792,1017) 
(793,235) (793,358) (793,714) 
(794,200) (794,302) (794,394) (794,831) (794,861) (794,917) 
(795,558) (795,580) 
(796,145) (796,450) (796,478) (796,506) (796,584) (796,769) 
(797,61) (797,472) (797,858) 
(798,51) (798,586) 
(799,146) (799,240) (799,267) (799,924) 
(800,119) 
(801,762) (801,972) 
(802,473) (802,1009) 
(803,36) (803,97) (803,445) (803,533) (803,807) (803,939) 
(804,524) (804,647) (804,650) (804,716) (804,747) (804,900) (804,1000) 
(805,849) 
(806,48) (806,622) (806,830) 
(807,483) (807,991) 
(808,865) 
(809,954) 
(810,302) (810,404) (810,518) (810,668) 
(811,247) (811,370) (811,591) (811,642) 
(812,155) (812,253) (812,628) (812,837) (812,956) 
(813,80) (813,558) 
(814,883) 
(815,121) (815,285) 
(816,268) (816,640) 
(817,602) (817,987) 
(818,542) 
(819,137) (819,563) (819,592) 
(820,50) (820,389) (820,524) 
(821,138) (821,926) 
(822,194) (822,745) 
(823,39) (823,130) (823,379) (823,593) (823,613) (823,789) 

(825,33) (825,130) (825,418) (825,617) 
(826,866) 
(827,167) (827,650) 
(828,42) (828,202) (828,210) (828,502) (828,755) (828,969) 
(829,104) (829,722) (829,989) 
(830,348) (830,376) (830,409) (830,742) (830,947) (830,990) 
(831,38) (831,276) (831,644) (831,814) (831,877) 
(832,231) (832,457) (832,598) (832,771) (832,845) 
(833,524) (833,568) (833,821) 
(834,322) (834,858) 
(835,21) (835,349) 
(836,367) (836,718) (836,899) 
(837,366) (837,675) (837,704) (837,911) 
(838,262) (838,428) 
(839,70) (839,97) (839,189) (839,262) (839,505) (839,558) (839,742) 
(840,31) (840,278) (840,403) (840,436) 
(841,605) (841,896) 
(842,26) (842,451) (842,555) 
(843,276) (843,396) (843,593) (843,621) (843,770) 
(844,78) (844,471) 
(845,449) (845,700) 
(846,433) (846,566) 
(847,427) (847,774) 
(848,655) (848,708) 
(849,771) (849,926) 
(850,301) (850,489) (850,594) 
(851,114) (851,203) 
(852,44) (852,64) (852,153) (852,318) (852,480) (852,855) 

(854,223) (854,646) 
(855,0) (855,424) (855,694) (855,780) (855,812) 
(856,653) 
(857,71) (857,193) (857,338) (857,478) (857,529) (857,694) (857,733) (857,740) 
(858,77) (858,134) (858,254) (858,627) (858,1013) 
(859,69) (859,117) (859,453) (859,820) 

(861,218) (861,530) 

(863,122) (863,572) (863,685) (863,727) (863,742) (863,869) (863,882) (863,918) 
(864,193) (864,497) 
(865,783) 
(866,242) (866,386) (866,519) (866,859) (866,987) 
(867,234) (867,470) (867,534) (867,986) 
(868,160) (868,265) (868,451) (868,930) 
(869,83) (869,108) (869,184) (869,400) 
(870,225) (870,354) (870,724) (870,950) 
(871,234) (871,320) (871,324) (871,412) (871,628) 
(872,901) 
(873,241) (873,584) (873,609) 
(874,513) 
(875,1) (875,188) (875,579) (875,942) (875,1015) 
(876,267) (876,720) (876,957) 
(877,31) (877,237) 
(878,38) (878,559) (878,634) 
(879,51) (879,76) (879,334) (879,385) (879,944) 
(880,183) (880,525) (880,606) (880,615) (880,687) (880,841) 
(881,757) (881,789) 
(882,114) 
(883,268) (883,560) 

(885,380) (885,607) (885,821) 
(886,598) (886,702) (886,768) 
(887,116) (887,378) (887,833) 
(888,124) (888,377) (888,944) 
(889,124) (889,526) 
(890,543) (890,782) (890,1015) 
(891,178) (891,388) (891,894) 
(892,39) (892,326) (892,398) 
(893,408) (893,642) (893,820) 

(895,524) (895,666) (895,686) 
(896,85) (896,837) (896,1002) 
(897,7) (897,139) (897,467) (897,685) 
(898,308) (898,872) (898,1012) 
(899,606) (899,852) (899,1005) 
(900,288) (900,477) (900,718) 
(901,10) (901,593) (901,711) 
(902,4) (902,25) (902,512) (902,520) (902,628) (902,688) (902,893) (902,961) 
(903,51) (903,823) 
(904,205) 
(905,488) (905,1001) 
(906,102) (906,161) (906,244) (906,534) (906,695) (906,728) (906,873) (906,974) 

(908,47) (908,551) (908,665) (908,969) 
(909,540) (909,924) 
(910,392) (910,564) 
(911,624) 
(912,320) (912,690) (912,966) 
(913,197) 
(914,0) (914,13) (914,62) (914,354) (914,733) (914,902) 
(915,669) (915,886) (915,927) (915,964) 
(916,484) (916,494) (916,528) 
(917,491) (917,608) 
(918,280) (918,828) (918,831) (918,896) (918,954) 

(920,40) (920,74) (920,178) (920,213) (920,735) 
(921,135) (921,409) (921,603) (921,823) 
(922,486) (922,699) 
(923,126) (923,351) 
(924,12) (924,135) (924,149) (924,168) 
(925,29) (925,109) (925,466) (925,470) (925,603) (925,670) 
(926,887) 
(927,174) (927,190) 
(928,400) 
(929,133) (929,819) (929,989) 
(930,534) (930,603) (930,864) (930,1001) 
(931,65) (931,227) (931,415) (931,644) 

(933,587) (933,655) (933,823) 
(934,549) 
(935,518) (935,939) 
(936,117) (936,171) (936,615) (936,862) (936,987) 
(937,8) (937,218) (937,426) (937,661) 
(938,319) (938,506) 
(939,0) (939,174) 
(940,550) (940,955) 
(941,18) (941,168) (941,629) (941,989) (941,1006) 
(942,330) 
(943,40) (943,266) (943,376) (943,666) (943,791) 
(944,79) (944,229) (944,401) (944,844) 
(945,70) (945,206) (945,221) (945,241) (945,813) (945,871) 
(946,105) (946,499) (946,538) 
(947,22) (947,267) 
(948,794) (948,801) (948,926) (948,958) 
(949,624) (949,683) (949,957) 
(950,321) 
(951,208) (951,504) (951,693) (951,750) (951,857) 
(952,99) (952,131) (952,185) (952,462) (952,736) 
(953,49) (953,610) 
(954,21) 
(955,130) (955,373) (955,703) (955,930) (955,952) 
(956,92) (956,162) (956,539) (956,578) (956,980) 
(957,895) (957,939) 
(958,290) (958,439) 
(959,220) 

(961,249) (961,268) (961,322) (961,789) (961,841) (961,1000) 
(962,110) (962,261) (962,296) (962,356) (962,403) (962,690) 
(963,564) (963,940) 
(964,75) (964,234) (964,357) (964,496) 
(965,132) 
(966,138) (966,208) (966,290) (966,368) (966,712) (966,880) (966,943) 

(968,230) (968,510) (968,654) 
(969,338) (969,667) (969,924) 
(970,112) (970,677) 
(971,421) (971,605) (971,818) (971,996) 
(972,65) (972,262) (972,676) (972,721) (972,816) 

(974,54) (974,59) (974,361) (974,640) 
(975,386) (975,530) (975,843) (975,1005) 
(976,91) (976,526) (976,586) 
(977,319) 
(978,66) (978,111) (978,897) 
(979,188) (979,272) (979,385) (979,420) 
(980,481) (980,752) (980,961) (980,1003) (980,1004) 
(981,139) (981,168) 
(982,10) (982,65) (982,193) (982,251) (982,544) (982,819) 
(983,150) (983,286) (983,326) (983,463) (983,483) (983,635) (983,786) (983,861) 
(984,175) (984,687) (984,921) 
(985,187) (985,365) 
(986,179) (986,228) (986,497) (986,615) 
(987,491) (987,594) 
(988,130) (988,485) (988,545) (988,836) 

(990,899) 
(991,174) 
(992,20) (992,177) (992,294) (992,391) (992,436) (992,832) (992,861) 
(993,25) (993,539) 

(995,577) (995,632) (995,768) 

(997,246) (997,620) 
(998,651) (998,833) (998,993) 
(999,71) (999,154) (999,173) (999,510) (999,721) (999,798) 
(1000,275) (1000,853) (1000,936) (1000,976) 
(1001,145) (1001,513) (1001,575) (1001,597) 
(1002,93) 
(1003,85) (1003,468) 
(1004,132) (1004,296) 
(1005,135) (1005,185) (1005,208) (1005,755) 
(1006,209) (1006,436) (1006,627) (1006,844) (1006,853) 
(1007,87) (1007,536) (1007,618) 

(1009,54) (1009,689) (1009,846) 
(1010,405) 
(1011,301) (1011,459) (1011,680) 
(1012,133) (1012,593) 
(1013,158) (1013,836) (1013,857) (1013,1020) 
(1014,327) (1014,538) 
(1015,511) (1015,575) (1015,675) 
(1016,117) (1016,142) (1016,167) (1016,281) (1016,773) (1016,992) 
(1017,140) (1017,258) (1017,299) (1017,459) (1017,524) (1017,944) (1017,1001) 
(1018,221) 
(1019,429) 
(1020,688) (1020,704) (1020,976) (1020,1022) 
(1021,265) (1021,715) 
(1022,15) (1022,416) (1022,720) (1022,729) (1022,1011) 
(1023,737) (1023,822) (1023,829)